[array([[-0.31673936,  0.33166229,  0.23229861, -0.12965947, -0.68722754,
        -1.00344509,  0.72632309],
       [-3.45396857, -1.02566397, -1.30974018, -1.72341988, -0.20493179,
        -1.17968387, -0.04941472],
       [-7.55217033, -2.129301  , -7.52340095,  1.04507086, -0.82624347,
         1.34880515, -0.42880062]]), array([[ 0.22789267],
       [ 0.1029366 ],
       [ 0.21078257],
       [-0.06050367],
       [ 0.03007387],
       [ 0.03016718],
       [ 0.05009744]])]




// 167
[array([[ -2.81666423e-01,   3.47504348e-01,   2.64738281e-01,
         -1.38468013e-01,  -6.82599122e-01,  -1.01137401e+00,
          7.34058743e-01],
       [ -3.23346398e+00,  -9.26064485e-01,  -1.10579099e+00,
         -1.72041163e+00,  -1.75832410e-01,  -1.21477397e+00,
         -2.41251637e-04],
       [ -1.10400133e+01,  -3.70472123e+00,  -1.07493781e+01,
          5.90249008e-01,  -1.28651833e+00,   2.79520057e-01,
         -1.19766552e+00]]), array([[ 0.22789267],
       [ 0.1029366 ],
       [ 0.21078257],
       [ 0.01573707],
       [ 0.030074  ],
       [-0.02879104],
       [ 0.05025218]])]
